0	314519.896	314920.796	5809580.105	5809959.275	-0.46	11.38
1	314581.516	314959.786	5809593.475	5809967.195	-1.08	12.64
2	314572.686	314987.946	5809560.325	5809950.815	-0.96	10.38
3	314533.936	314992.136	5809531.185	5809991.785	-0.45	6.31
4	314531.076	314804.506	5809543.585	5809921.875	2.02	6.38
5	314508.476	314932.766	5809525.965	5809988.205	-0.5	11.19
6	314548.046	314998.156	5809513.065	5809951.515	-0.48	11.52
7	314585.716	314996.476	5809516.005	5809964.205	-0.49	14.86
8	314514.996	314786.026	5809579.715	5809994.705	1.64	22.74
9	314537.006	314983.836	5809683.185	5809973.905	-0.48	11.16
10	314588.116	314904.086	5809534.205	5809879.945	1.59	59.53
11	314534.736	314908.736	5809607.305	5809950.775	1.79	32.98
12	314554.646	314939.926	5809548.745	5809986.815	-0.44	9.24
13	314502.396	314969.316	5809580.385	5809987.265	-0.51	17.21
14	314602.026	314995.806	5809552.395	5809956.975	0.1	12.33
15	314537.436	314708.936	5809586.545	5809994.825	1.6	31.36
16	314606.586	314992.396	5809630.355	5809947.695	-0.5	14.61
17	314559.626	314971.526	5809521.825	5809952.165	0.02	32.74
18	314526.456	314835.726	5809501.265	5809968.455	1.57	56.19
19	314606.616	314783.506	5809531.325	5809907.795	1.83	35.71
20	314521.636	314970.306	5809606.025	5809987.145	-0.75	29.76
21	314523.406	314966.186	5809504.725	5809956.175	-0.46	31.47
22	314595.426	314971.266	5809517.695	5809993.315	-0.56	19.15
23	314534.816	314852.776	5809530.645	5809926.765	1.27	47.15
24	314503.526	314957.406	5809596.105	5809945.165	-0.45	149.4
25	314563.146	314971.156	5809555.485	5809927.955	1.41	26.61
26	314522.826	314973.216	5809548.135	5809996.115	-0.46	9.13
27	314508.416	314976.586	5809503.655	5809995.595	-0.47	14.63
28	314594.466	314895.916	5809601.295	5809994.935	1.86	12.56
29	314534.726	314915.676	5809544.565	5809998.715	-0.42	13.68
30	314580.046	314929.606	5809553.795	5809914.455	-0.46	18.94
31	314519.416	314952.906	5809506.685	5809963.375	-0.45	64.95
32	314540.286	314986.446	5809506.275	5809988.035	-0.75	11.26
33	314502.666	314845.406	5809540.935	5809969.245	1.81	24.52
34	314506.066	314925.976	5809523.185	5809943.215	1.58	34.79
35	314513.666	314981.736	5809604.205	5809919.345	-1.07	29.9
36	314528.976	314966.926	5809528.435	5809940.535	0.89	13.73
37	314523.706	314834.386	5809511.215	5809999.725	1.77	31.95
38	314526.436	314991.436	5809589.695	5809987.895	-1.02	24.56
39	314527.926	314803.036	5809537.365	5809999.615	1.71	111.65
40	314552.316	314972.936	5809659.615	5809930.055	-0.54	32.11
41	314516.116	314976.356	5809595.835	5809964.585	-1.29	4.62
42	314539.106	314981.426	5809680.035	5809975.435	-0.48	33.85
43	314559.366	314977.816	5809555.995	5809968.945	-0.48	10.1
44	314679.746	314949.456	5809526.845	5809960.875	1.92	31.47
45	314509.056	314953.556	5809534.345	5809939.615	1.76	12.95
46	314509.426	314922.586	5809538.015	5809965.355	0.79	51.03
47	314553.136	314941.386	5809534.385	5809997.275	-0.44	11.43
48	314516.406	314938.936	5809595.395	5809937.535	-0.47	30.62
49	314543.716	314927.686	5809596.755	5809991.065	-1.01	17.98
50	314523.306	314928.776	5809539.975	5809927.325	0.92	31.91
51	314649.526	314978.496	5809546.085	5809955.155	-0.45	13.2
52	314502.476	314946.356	5809526.605	5809998.095	-0.47	31.83
53	314583.186	314972.966	5809533.635	5809947.315	-0.43	34.2
54	314606.966	314994.156	5809566.675	5809986.165	-0.47	11.36
55	314580.956	314948.306	5809531.285	5809986.005	-0.51	16.33
56	314525.016	314863.256	5809531.405	5809990.935	1.68	9.6
57	314536.596	314960.086	5809573.705	5809812.405	1.86	32.04
58	314602.366	314872.576	5809540.235	5809964.275	-0.14	13.66
59	314518.666	314893.326	5809544.585	5809984.625	0.72	12.05
60	314572.076	314988.176	5809528.275	5809884.845	-0.47	23.44
61	314531.516	314985.026	5809510.395	5809990.825	-0.42	33.43
62	314596.536	314981.136	5809503.925	5809908.825	-0.48	20.31
63	314515.026	314993.106	5809517.685	5809992.095	-0.46	14.88
64	314588.126	314944.416	5809517.535	5809794.965	0.53	22.15
65	314539.646	314957.216	5809506.815	5809984.355	-0.49	24.34
66	314571.566	314814.536	5809544.535	5809965.455	2.36	17.73
67	314502.526	314996.966	5809549.075	5809948.605	-0.59	36.9
68	314543.136	314860.956	5809503.665	5809997.115	1.62	32.06
69	314502.306	314948.996	5809524.275	5809838.545	1.28	62.72
70	314535.206	314985.686	5809635.545	5809997.665	-0.7	31.34
71	314554.626	314969.246	5809680.065	5809970.995	-2.56	9.62
72	314548.586	314999.996	5809569.895	5809967.585	-1.37	16.3
73	314539.186	314913.786	5809554.765	5809928.775	1.71	63.57
74	314503.726	314985.306	5809525.685	5809985.845	-0.51	11.83
75	314527.066	314952.266	5809520.985	5809966.425	-0.49	8.74
76	314556.836	314957.016	5809518.985	5809892.935	-2.17	16.02
77	314515.026	314998.696	5809532.715	5809979.215	-0.47	13.14
78	314588.796	314954.826	5809505.605	5809991.185	1.66	6.48
79	314510.776	314964.286	5809561.155	5809932.425	1.53	22.16
80	314574.356	314898.166	5809555.545	5809926.485	1.45	14.24
81	314606.206	314874.596	5809519.815	5809983.915	1.42	17.4
82	314578.106	314996.986	5809518.775	5809959.075	-0.46	31.18
83	314664.216	314947.506	5809634.775	5809938.725	-0.46	27.22
84	314511.086	314932.236	5809545.155	5809994.335	-0.59	18.86
85	314528.506	314995.896	5809591.035	5809958.015	-0.48	62.91
86	314533.986	314877.066	5809636.935	5809981.185	-0.15	83.99
87	314551.726	314983.596	5809568.335	5809993.085	-0.48	10.26
88	314589.046	314974.026	5809501.255	5809954.985	1.62	31.65
89	314612.406	314968.376	5809614.935	5809959.265	-0.44	13.46
90	314510.456	314983.356	5809514.845	5809970.085	-0.43	14.85
91	314536.186	314808.346	5809636.755	5809940.485	1.7	47.36
92	314528.116	314929.876	5809535.475	5809821.015	2.04	51.79
93	314530.096	314822.026	5809526.895	5809957.615	2.05	60.91
94	314526.346	314954.896	5809517.075	5809928.595	-0.9	15.56
95	314518.476	314983.666	5809511.085	5809963.285	-0.48	13.52
96	314505.576	314948.846	5809551.865	5809936.105	2.45	31.47
97	314543.966	314943.496	5809509.485	5809980.735	-0.51	4.31
98	314523.156	314953.576	5809532.045	5809993.565	-1.65	8.15
99	314578.236	314960.166	5809533.805	5809944.445	-0.44	31.95
100	314567.836	314983.316	5809560.585	5809697.935	-0.43	62.45
101	314537.216	314999.076	5809503.055	5809989.465	-0.44	16.26
102	314530.186	314902.386	5809537.055	5809997.775	-2.33	13.77
103	314607.476	314974.456	5809525.315	5809929.565	-0.44	10.36
104	314540.466	314926.076	5809563.115	5809996.125	1.8	14.8
105	314509.626	314981.766	5809525.105	5809917.365	-0.44	9.42
106	314510.286	314981.356	5809574.185	5809994.845	-0.47	65.35
107	314563.746	314880.776	5809521.755	5809990.145	2.03	56.17
108	314513.736	314891.426	5809540.395	5809866.615	1.8	19.04
109	314530.176	314875.196	5809531.355	5809906.995	1.52	31.46
110	314564.516	314876.506	5809525.705	5809999.265	1.54	136.22
111	314505.406	314925.906	5809564.015	5809924.715	1.42	31.73
112	314541.876	314988.846	5809509.695	5809948.965	-0.44	15.4
113	314505.276	314896.466	5809506.685	5809971.895	1.76	31.53
114	314513.136	314892.246	5809501.625	5809985.405	1.53	10.02
115	314582.606	314915.906	5809528.275	5809963.805	-0.64	21.45
116	314596.766	314814.476	5809594.025	5809820.615	1.75	50.36
117	314587.186	314973.346	5809525.195	5809961.455	-0.47	62.85
118	314570.296	314969.086	5809509.785	5809985.755	1.76	34.85
119	314529.996	314999.846	5809515.995	5809945.995	-0.48	31.77
120	314542.956	314968.806	5809501.165	5809923.895	-0.7	17.39
121	314514.326	314901.456	5809519.745	5809969.995	-0.46	25.25
122	314503.486	314853.356	5809639.605	5809984.795	1.7	61.72
123	314501.776	314925.646	5809570.255	5809937.945	-0.45	31.11
124	314552.516	314905.176	5809521.865	5809928.875	-0.74	17.98
125	314500.736	314790.266	5809536.515	5809931.145	2.56	14.17
126	314584.916	314994.746	5809521.545	5809977.315	-0.46	9.79
127	314525.376	314941.846	5809507.345	5809937.395	1.62	44.92
128	314515.986	314869.836	5809563.855	5809973.565	0.91	33.69
129	314509.526	314962.226	5809519.315	5809949.745	-0.45	23.46
130	314508.206	314923.576	5809652.225	5809953.885	-0.43	115.7
131	314535.566	314958.626	5809532.615	5809985.375	-0.49	63.54
132	314500.306	314939.066	5809534.595	5809941.855	-0.42	17.11
133	314500.476	314879.936	5809554.895	5809989.475	1.85	42.71
134	314520.426	314898.266	5809507.305	5809960.885	1.59	62.79
135	314574.656	314978.946	5809528.355	5809973.725	-1.51	13.9
136	314507.196	314935.356	5809501.125	5809841.775	2.16	14.7
137	314543.306	314933.176	5809527.335	5809977.005	1.55	39.05
138	314560.356	314954.656	5809587.555	5809991.815	-0.4	10.82
139	314578.026	314960.426	5809522.325	5809951.375	1.86	25.44
140	314530.096	314974.716	5809566.135	5809971.935	-0.44	44.74
141	314510.136	314922.786	5809574.325	5809994.325	-0.49	8.64
142	314532.366	314986.636	5809529.535	5809990.085	-2.68	7.73
143	314505.596	314896.476	5809525.955	5809934.885	-0.63	15.6
144	314521.026	314875.696	5809660.135	5809905.845	1.39	13.8
145	314524.086	314884.586	5809518.785	5809959.695	1.66	31.36
146	314532.046	314944.796	5809598.375	5809981.635	-0.5	12.61
147	314542.676	314915.676	5809502.255	5809859.225	2.02	146.2
148	314505.076	314935.956	5809505.925	5809900.205	-0.47	121.33
149	314515.416	314988.056	5809596.585	5809995.295	-0.49	28.41
150	314594.326	314999.876	5809544.035	5809951.015	-0.95	15.92
151	314601.836	314937.846	5809508.115	5809924.995	-0.5	26.96
152	314604.946	314959.026	5809516.315	5809978.395	-0.49	34.73
153	314545.616	314944.476	5809575.525	5809996.455	1.86	10.58
154	314536.236	314962.116	5809603.635	5809919.215	-0.66	32.64
155	314519.626	314997.326	5809579.225	5809967.955	-0.45	31.38
156	314507.786	314805.086	5809532.385	5809973.745	1.63	56.59
157	314647.356	314993.916	5809520.915	5809901.265	-0.48	31.67
158	314535.076	314765.366	5809611.025	5809969.045	2.5	12.68
159	314570.086	314966.666	5809541.215	5809988.655	-0.8	37.14
160	314530.636	314953.936	5809568.905	5809889.945	-0.45	11.75
161	314554.876	314827.056	5809558.965	5809941.785	1.72	176.27
162	314508.626	314850.676	5809565.165	5809999.355	1.78	12.53
163	314573.626	314906.566	5809512.405	5809897.125	-0.37	68.09
164	314526.606	314979.726	5809502.375	5809987.135	-0.5	36.39
165	314589.786	314917.866	5809511.565	5809909.675	1.98	65.11
166	314580.286	314961.156	5809530.565	5809973.025	1.7	32.23
167	314515.206	314997.026	5809579.615	5809937.655	-0.38	58.24
168	314508.706	314925.066	5809557.275	5809955.205	-0.49	18.06
169	314514.346	314847.816	5809551.745	5809957.595	1.59	63.23
170	314500.996	314936.876	5809514.545	5809999.295	1.82	32.18
171	314551.306	314944.816	5809534.555	5809942.135	-0.45	32.19
172	314532.436	314899.506	5809543.925	5809977.205	1.56	13.61
173	314561.526	314885.576	5809545.235	5809916.635	1.54	31.42
174	314527.726	314937.926	5809525.115	5809908.225	-0.47	19.95
175	314617.676	314941.846	5809640.345	5809993.935	-0.47	41.97
176	314555.576	314922.496	5809554.055	5809972.845	1.61	17.03
177	314617.876	314928.736	5809590.165	5809966.895	-0.43	30.79
178	314535.196	314957.136	5809549.225	5809998.415	-0.53	6.45
179	314509.256	314767.916	5809624.865	5809966.455	1.85	42.74
180	314567.296	314995.496	5809574.215	5809804.455	-0.48	15.6
181	314508.996	314982.436	5809512.945	5809988.155	-0.44	14.06
182	314538.396	314913.246	5809569.905	5809946.395	-1.19	13.22
183	314544.046	314940.316	5809515.395	5809926.305	1.59	50.0
184	314665.286	314967.226	5809534.985	5809911.355	-0.47	92.92
185	314528.036	314953.526	5809558.355	5809861.405	-0.47	34.24
186	314514.836	314994.976	5809509.195	5809916.665	1.55	64.93
187	314503.286	314912.666	5809500.495	5809898.005	-0.48	18.63
188	314595.096	314888.756	5809586.905	5809992.665	-0.5	16.75
189	314579.106	314935.306	5809504.025	5809966.845	1.68	55.9
190	314575.276	314986.646	5809510.825	5809938.955	0.89	5.7
191	314560.036	314937.566	5809530.755	5809902.905	-0.45	38.58
192	314533.376	314980.356	5809553.175	5809967.385	-0.49	19.64
193	314554.316	314949.966	5809574.645	5809960.245	1.43	65.62
194	314535.126	314967.176	5809508.225	5809963.405	0.27	27.48
195	314509.946	314909.196	5809548.575	5809959.065	2.03	12.26
196	314525.566	314886.266	5809513.165	5809890.585	1.55	13.31
197	314599.346	314948.956	5809505.175	5809977.405	-0.45	8.53
198	314521.116	314960.586	5809640.895	5809891.945	-0.45	31.51
199	314513.836	314781.726	5809582.955	5809863.295	1.6	11.56
200	314557.986	314987.726	5809513.795	5809799.495	-0.5	11.56
201	314599.426	314807.886	5809624.385	5809965.255	1.57	10.51
202	314502.126	314913.516	5809553.645	5809993.715	-0.44	14.96
203	314520.216	314997.406	5809512.435	5809927.665	-1.04	9.42
204	314541.116	314929.406	5809519.825	5809896.705	1.69	9.66
205	314560.696	314860.246	5809585.855	5809891.665	1.76	18.08
206	314513.906	314910.576	5809554.575	5809910.655	-0.26	31.44
207	314539.886	314998.126	5809558.955	5809976.965	-0.48	11.92
208	314513.336	314892.866	5809530.615	5809983.675	-0.44	16.82
209	314543.276	314827.496	5809535.155	5809839.555	1.75	61.56
210	314501.516	314998.516	5809610.535	5809880.845	-0.43	8.8
211	314583.676	314904.016	5809540.035	5809895.075	1.53	30.78
212	314524.006	314963.366	5809505.285	5809999.815	-0.46	15.07
213	314556.126	314980.576	5809564.975	5809795.625	-0.5	8.04
214	314518.186	314999.746	5809549.355	5809990.435	-0.66	7.28
215	314519.976	314822.416	5809523.925	5809937.275	1.42	177.94
216	314525.586	314935.986	5809510.525	5809942.055	-0.42	8.03
217	314561.326	314920.666	5809529.135	5809965.125	-0.44	31.09
218	314569.176	314857.196	5809512.185	5809992.895	1.56	14.26
219	314561.086	314997.866	5809511.675	5809938.565	-0.46	6.96
220	314521.966	314998.296	5809598.845	5809848.105	-0.51	25.25
221	314612.976	314955.066	5809563.215	5809995.745	-1.56	7.97
222	314533.116	314985.536	5809520.055	5809953.625	-0.44	31.77
223	314543.646	314870.856	5809525.355	5809925.955	1.65	61.95
224	314504.036	314960.146	5809524.285	5809866.615	-0.46	8.96
225	314554.666	314867.686	5809543.045	5809983.345	1.83	11.03
226	314563.976	314840.776	5809506.115	5809976.855	1.45	22.56
227	314581.976	314920.836	5809536.975	5809961.055	-0.45	56.35
228	314544.026	314969.506	5809515.285	5809841.495	2.21	31.41
229	314512.546	314874.826	5809516.645	5809997.025	1.58	7.29
230	314510.726	314964.256	5809529.015	5809812.505	-0.03	32.05
231	314543.946	314914.786	5809625.355	5809945.035	0.19	31.45
232	314513.466	314973.716	5809533.465	5809985.385	-0.54	43.5
233	314651.976	314971.126	5809579.785	5809975.615	-0.46	8.18
234	314561.416	314885.186	5809503.005	5809933.785	1.66	30.56
235	314583.556	314951.536	5809602.275	5809947.905	-0.46	26.76
236	314537.846	314992.636	5809670.225	5809955.315	-0.67	64.02
237	314532.916	314993.626	5809535.265	5809971.815	-0.48	22.31
238	314624.766	314920.166	5809549.025	5809999.475	-0.48	31.64
239	314506.506	314726.066	5809506.665	5809922.585	1.81	29.57
240	314504.016	314955.046	5809529.295	5809902.725	-0.45	20.22
241	314512.386	314979.996	5809505.685	5809974.715	-0.49	95.96
242	314517.726	314987.416	5809569.725	5809947.695	-1.11	41.44
243	314511.456	314993.996	5809608.095	5809924.035	-0.48	106.09
244	314567.266	314971.046	5809513.905	5809946.955	-1.2	39.34
245	314516.776	314880.606	5809508.295	5809931.915	1.39	41.86
246	314522.406	314944.186	5809662.365	5809917.205	-0.44	16.25
247	314525.776	314944.446	5809519.065	5809961.865	-1.1	12.14
248	314606.986	314948.276	5809511.665	5809851.995	-0.44	132.7
249	314596.236	314842.046	5809578.095	5809840.455	1.71	31.59
250	314503.276	314934.526	5809668.175	5809949.755	0.49	20.94
251	314574.726	314897.126	5809615.025	5809980.835	2.07	20.6
252	314509.076	314958.506	5809603.435	5809979.965	-0.45	25.3
253	314551.456	314990.426	5809526.665	5809955.015	-0.48	14.63
254	314523.116	314952.406	5809523.125	5809929.395	-0.45	10.58
255	314629.796	314958.466	5809522.225	5809941.095	-0.49	6.99
256	314584.656	314954.376	5809564.395	5809943.135	-0.45	33.15
257	314566.366	314871.066	5809525.505	5809997.945	1.6	31.82
258	314509.756	314926.986	5809565.215	5809988.755	1.79	4.48
259	314503.186	314979.956	5809548.585	5809996.895	0.6	34.16
260	314529.156	314997.276	5809547.115	5809995.225	-0.46	8.82
261	314589.466	314956.656	5809576.515	5809946.885	-0.45	10.16
262	314556.636	314893.416	5809501.545	5809972.005	1.6	16.55
263	314623.376	314992.536	5809514.135	5809954.265	-0.46	7.14
264	314581.846	314904.276	5809510.335	5809830.285	-0.26	64.85
265	314598.216	314882.746	5809543.175	5809958.455	1.65	25.67
266	314582.096	314973.166	5809536.355	5809981.385	-0.64	22.71
267	314502.116	314992.476	5809682.935	5809962.605	-0.44	180.87
268	314564.386	314928.666	5809516.275	5809969.405	1.43	16.63
269	314529.386	314963.706	5809526.155	5809957.075	-1.44	127.42
270	314612.306	314868.276	5809607.885	5809886.305	1.73	21.84
271	314564.436	314966.376	5809565.275	5809936.515	0.29	12.7
272	314506.236	314901.646	5809507.705	5809949.515	1.9	34.09
273	314505.126	314957.926	5809607.445	5809988.075	-0.63	30.92
274	314602.526	314943.186	5809697.365	5809995.795	-0.47	63.81
275	314524.156	314938.886	5809545.005	5809971.825	-0.44	40.3
276	314505.076	314956.826	5809582.015	5809980.165	-0.48	24.69
277	314630.606	314981.236	5809529.975	5809986.895	-0.42	56.84
278	314503.356	314875.356	5809545.095	5809993.925	2.2	30.6
279	314568.456	314821.206	5809534.745	5809804.405	1.78	15.04
280	314531.866	314964.376	5809504.955	5809968.515	-0.44	32.51
281	314677.466	314998.796	5809508.705	5809887.215	-0.49	186.16
282	314530.326	314871.176	5809514.005	5809952.955	1.64	16.67
283	314571.886	314968.826	5809510.205	5809929.785	-0.55	5.5
284	314685.676	314981.056	5809583.275	5809987.115	-0.7	64.93
285	314521.836	314941.466	5809699.865	5809968.945	-0.46	28.02
286	314586.466	314886.826	5809588.575	5809866.065	1.59	62.17
287	314502.026	314998.346	5809511.125	5809881.815	-0.38	8.79
288	314543.596	314950.076	5809579.565	5809992.035	-0.46	22.03
289	314506.456	314965.186	5809585.675	5809878.565	-0.46	30.64
290	314631.876	314933.826	5809530.055	5809935.205	-0.51	64.15
291	314517.576	314994.196	5809583.035	5809768.725	-0.48	31.41
292	314617.796	314957.016	5809619.925	5809983.855	1.65	3.69
293	314577.336	314911.296	5809626.165	5809994.275	1.67	13.62
294	314666.456	314931.016	5809555.005	5809948.955	-0.43	31.77
295	314523.736	314879.436	5809585.895	5809981.945	1.67	10.9
296	314546.996	314962.386	5809534.395	5809967.795	1.42	6.46
297	314560.826	314936.486	5809606.135	5809927.125	-0.53	41.39
298	314510.926	314993.266	5809505.155	5809958.675	-0.46	123.5
299	314510.256	314984.876	5809597.565	5809994.865	-0.79	48.07
300	314519.276	314948.786	5809517.375	5809984.085	1.4	10.71
301	314575.026	314986.536	5809508.065	5809968.335	-0.45	24.98
302	314556.856	314921.426	5809573.475	5809988.265	1.68	55.46
303	314612.866	314956.246	5809670.325	5809948.945	-0.45	25.37
304	314553.056	314996.186	5809623.645	5809929.885	-1.34	106.03
305	314618.216	314952.076	5809606.505	5809962.065	-0.46	30.8
306	314605.796	314967.606	5809644.635	5809997.575	-1.93	41.33
307	314525.176	314975.996	5809523.305	5809901.265	-1.25	12.06
308	314547.276	314884.886	5809557.795	5809963.755	1.64	173.19
309	314557.486	314921.106	5809563.585	5809898.075	-0.48	27.23
310	314511.146	314982.056	5809524.165	5809984.225	-0.5	11.5
311	314504.626	314904.256	5809516.095	5809872.265	1.48	26.08
312	314520.296	314930.036	5809511.055	5809924.005	-0.55	11.51
313	314532.996	314925.656	5809505.645	5809987.665	1.48	12.67
314	314580.776	314970.136	5809521.885	5809940.615	-0.43	11.69
315	314528.916	314831.016	5809512.865	5809958.185	1.62	27.37
316	314574.126	314975.466	5809585.495	5809982.835	-0.45	60.91
317	314537.806	314834.116	5809544.825	5809912.875	1.9	15.13
318	314555.106	314781.436	5809556.165	5809973.475	2.19	32.53
319	314585.376	314925.866	5809557.465	5809911.925	-0.48	29.41
320	314516.216	314966.116	5809560.455	5809956.595	-0.51	58.76
321	314617.396	314967.196	5809541.565	5809993.635	-0.44	31.76
322	314538.936	314954.666	5809524.715	5809802.375	-0.45	13.08
323	314585.586	314982.236	5809519.655	5809958.835	-0.45	16.64
324	314525.116	314986.796	5809577.195	5809926.945	-0.44	23.38
325	314508.366	314902.666	5809545.995	5809989.575	1.82	24.16
326	314576.386	314977.926	5809630.455	5809945.935	-0.35	30.59
327	314548.756	314953.366	5809608.465	5809978.775	-0.52	9.78
328	314551.496	314936.756	5809565.745	5809919.955	-0.45	30.53
329	314513.826	314885.316	5809609.865	5809968.165	1.55	13.4
330	314551.926	314940.786	5809528.005	5809943.005	-0.42	45.87
331	314555.036	314853.256	5809602.835	5809970.955	2.4	14.49
332	314507.386	314950.026	5809502.435	5809965.005	-0.45	31.32
333	314519.936	314964.706	5809550.325	5809959.915	-0.51	9.51
334	314542.506	314989.706	5809542.695	5809950.805	1.87	14.3
335	314558.946	314888.706	5809543.445	5809932.155	1.98	15.11
336	314585.236	314945.526	5809553.335	5809911.635	1.77	31.05
337	314533.536	314992.086	5809656.625	5809935.605	-1.95	31.87
338	314526.346	314963.426	5809568.205	5809963.795	-0.49	10.63
339	314541.396	314884.326	5809569.935	5809972.665	1.77	9.93
340	314592.426	314971.346	5809510.385	5809888.145	1.7	21.0
341	314535.036	314997.586	5809547.785	5809965.695	-0.45	13.61
342	314526.576	314984.896	5809625.205	5809981.335	-0.44	32.36
343	314507.176	314955.476	5809571.445	5809962.185	-0.45	15.67
344	314550.086	314999.896	5809514.695	5809985.015	-0.97	16.88
345	314583.036	314970.146	5809506.385	5809975.945	-0.44	18.32
346	314507.916	314875.806	5809534.705	5809965.625	2.24	10.7
347	314533.136	314880.106	5809530.495	5809994.155	1.38	25.22
348	314523.366	314804.236	5809562.025	5809961.975	2.8	19.8
349	314501.866	314967.156	5809531.405	5809941.575	-0.44	7.75
350	314504.636	314906.246	5809512.555	5809995.615	-0.46	30.74
351	314624.446	314973.636	5809546.225	5809988.485	-0.43	9.53
352	314516.366	314942.236	5809506.665	5809997.015	-0.52	50.27
353	314601.916	314928.446	5809549.385	5809967.675	1.6	31.81
354	314594.676	314930.696	5809535.715	5809930.485	-0.43	58.08
355	314541.296	314978.136	5809518.325	5809799.295	1.72	59.17
356	314500.396	314894.216	5809679.315	5809962.235	1.73	65.14
357	314532.136	314924.246	5809541.615	5809854.715	1.67	55.61
358	314526.396	314902.186	5809577.595	5809963.105	1.67	29.31
359	314570.366	314901.206	5809535.465	5809971.005	1.51	148.68
360	314557.696	314959.756	5809561.325	5809848.235	1.69	21.49
361	314509.136	314937.826	5809535.145	5809872.365	0.17	10.66
362	314514.736	314914.926	5809505.665	5809924.545	-0.49	31.55
363	314514.556	314944.966	5809604.055	5809982.965	-0.44	12.61
364	314561.496	314907.346	5809551.465	5809936.285	-0.46	48.98
365	314517.336	314745.016	5809577.495	5809991.485	1.91	31.79
366	314516.416	314938.056	5809525.305	5809929.205	-0.42	19.55
367	314554.726	314992.556	5809549.095	5809900.085	-0.53	60.63
368	314563.416	314893.866	5809547.865	5809959.205	-0.47	179.26
369	314614.576	314970.756	5809534.195	5809981.855	-0.43	30.01
370	314516.436	314853.996	5809779.415	5809956.305	1.44	8.45
371	314504.516	314879.336	5809513.195	5809978.855	1.62	31.68
372	314608.066	314925.696	5809511.805	5809993.755	2.23	15.73
373	314566.486	314879.476	5809559.865	5809917.705	1.56	31.07
374	314509.026	314864.736	5809568.645	5809996.195	1.47	5.35
375	314515.666	314793.026	5809562.065	5809895.905	1.58	37.8
376	314508.356	314941.196	5809568.195	5809971.715	-0.49	32.15
377	314545.816	314981.396	5809510.515	5809939.945	-0.82	149.2
378	314541.516	314961.546	5809528.455	5809925.475	1.67	31.58
379	314537.146	314925.656	5809531.855	5809991.235	-0.43	10.76
380	314520.866	314985.236	5809573.245	5809993.545	-1.04	30.73
381	314662.826	314965.666	5809516.165	5809975.075	-0.55	41.64
382	314508.056	314875.526	5809506.285	5809883.755	2.14	11.95
383	314547.526	314929.906	5809561.725	5809991.425	-0.46	65.15
384	314512.876	314999.506	5809534.525	5809903.185	-0.48	14.95
385	314504.926	314920.406	5809555.895	5809894.535	-0.43	25.39
386	314519.726	314928.486	5809553.185	5809970.285	-0.47	31.44
387	314521.846	314962.366	5809580.815	5809911.085	0.62	177.79
388	314674.806	314974.906	5809560.535	5809980.895	-0.59	9.44
389	314587.886	314968.346	5809569.885	5809984.725	-0.46	61.23
390	314518.436	314988.496	5809583.995	5809990.085	-0.44	27.37
391	314584.806	314862.486	5809538.795	5809905.855	1.59	12.64
392	314505.286	314984.386	5809533.645	5809780.885	2.02	31.29
393	314534.586	314997.906	5809507.925	5809986.775	-0.45	45.49
394	314512.506	314994.456	5809503.395	5809935.535	-1.08	10.68
395	314505.816	314818.656	5809535.235	5809987.465	1.76	10.73
396	314538.586	314936.856	5809524.345	5809980.285	-0.5	141.13
397	314519.616	314905.346	5809556.945	5809998.415	-0.46	62.78
398	314545.526	314954.366	5809597.195	5809920.095	-0.46	34.68
399	314553.096	314946.966	5809534.265	5809933.625	-1.43	14.16
400	314509.916	314999.806	5809525.205	5809983.115	-0.48	15.88
401	314512.926	314847.696	5809524.505	5809913.305	1.63	40.75
402	314526.076	314987.026	5809518.655	5809909.495	-0.56	30.72
403	314572.676	314966.106	5809527.095	5809938.845	-0.49	7.75
404	314562.616	314929.586	5809501.425	5809988.545	-0.44	57.71
405	314536.406	314993.886	5809571.705	5809784.065	-0.49	31.65
406	314648.576	314996.896	5809553.405	5809977.515	-1.91	21.58
407	314534.356	314969.226	5809533.025	5809928.045	-0.42	16.07
408	314541.936	314993.716	5809518.965	5809978.115	-0.48	11.58
409	314563.306	314998.706	5809607.165	5809957.475	-0.44	10.82
410	314550.156	314912.216	5809517.115	5809953.755	1.61	100.94
411	314507.446	314969.276	5809578.365	5809965.685	-0.7	9.55
412	314519.426	314994.606	5809523.275	5809965.115	1.84	53.01
413	314507.096	314950.146	5809521.175	5809984.865	1.58	14.41
414	314503.596	314927.926	5809586.435	5809920.885	-0.57	34.04
415	314596.236	314972.576	5809508.775	5809977.125	-0.36	14.07
416	314527.126	314837.316	5809531.955	5809991.885	1.61	61.75
417	314515.616	314873.236	5809602.205	5809800.915	1.57	32.37
418	314512.686	314992.346	5809508.815	5809961.625	-0.46	69.73
419	314522.616	314899.696	5809531.965	5809967.505	1.43	16.23
420	314564.836	314994.716	5809566.025	5809945.095	-0.36	14.55
421	314549.526	314992.596	5809639.505	5809996.435	-0.48	29.13
422	314552.616	314944.796	5809605.145	5809968.235	1.72	82.66
423	314533.006	314944.536	5809548.695	5809934.195	-0.45	40.77
424	314525.026	314934.656	5809574.575	5809992.985	1.78	31.67
425	314512.866	314998.776	5809537.585	5809993.135	-0.47	10.12
426	314625.366	314986.076	5809505.595	5809840.195	-0.55	34.37
427	314581.876	314975.686	5809606.775	5809995.345	-0.44	55.27
428	314609.696	314925.606	5809544.125	5809825.555	1.68	30.99
429	314615.706	314980.566	5809529.585	5809985.465	-0.43	32.03
430	314611.536	314995.356	5809554.555	5809952.915	-0.91	55.47
431	314685.346	314972.016	5809537.325	5809864.425	-0.46	12.21
432	314522.046	314996.216	5809544.655	5809975.995	-0.51	19.49
433	314573.496	314924.396	5809519.725	5809976.465	-0.51	33.05
434	314532.896	314925.366	5809612.315	5809987.095	-0.5	64.15
435	314552.616	314945.596	5809516.585	5809998.255	0.34	31.19
436	314517.766	314890.846	5809524.125	5809966.465	2.03	14.46
437	314611.616	314943.806	5809580.765	5809773.375	3.66	54.56
438	314565.176	314934.836	5809537.555	5809980.155	1.23	15.52
439	314619.486	314901.426	5809503.315	5809947.795	-0.97	13.88
440	314542.296	314913.606	5809589.015	5809983.915	-0.52	10.68
441	314523.196	314983.886	5809547.355	5809996.245	-0.5	13.76
442	314500.256	314972.996	5809541.865	5809933.795	-0.5	13.8
443	314505.536	314922.916	5809563.025	5809916.735	1.97	15.16
444	314547.986	314866.626	5809520.925	5809899.775	1.7	31.07
445	314506.306	314944.306	5809547.015	5809980.465	1.36	14.26
446	314669.436	314896.636	5809538.595	5809934.985	1.61	62.89
447	314503.186	314944.236	5809523.235	5809930.615	2.41	10.74
448	314663.386	314999.906	5809587.045	5809972.995	-0.48	30.64
449	314529.916	314954.436	5809584.695	5809978.095	-0.46	9.51
450	314533.226	314947.766	5809511.135	5809978.335	-7.44	11.11
451	314510.686	314904.996	5809535.835	5809960.605	-0.46	61.62
452	314512.346	314988.106	5809529.335	5809984.625	1.6	8.77
453	314577.546	314909.426	5809518.445	5809923.955	-2.19	61.14
454	314525.626	314933.146	5809571.335	5809988.455	-0.5	33.88
455	314536.266	314997.926	5809526.455	5809926.465	-0.52	20.63
456	314500.096	314915.246	5809531.935	5809850.905	-0.39	16.38
457	314605.816	314950.726	5809551.875	5809975.235	-0.48	30.3
458	314504.696	314970.246	5809589.785	5809970.925	-0.44	65.31
459	314551.496	314879.956	5809525.515	5809987.015	1.52	12.76
460	314501.776	314946.456	5809562.025	5809987.385	1.59	41.66
461	314545.006	314948.196	5809587.945	5809877.995	-0.44	62.08
462	314519.496	314883.836	5809538.685	5809955.965	1.71	31.71
463	314530.366	314836.916	5809598.945	5809950.675	1.45	15.56
464	314514.716	314861.176	5809611.075	5809936.115	2.03	73.89
465	314542.356	314921.806	5809507.435	5809959.085	-1.17	8.27
466	314530.096	314876.276	5809605.365	5809962.655	1.56	46.6
467	314573.326	314961.236	5809574.965	5809990.515	1.18	17.25
468	314502.696	314914.386	5809534.595	5809988.895	-1.22	21.42
469	314543.176	314976.526	5809525.365	5809961.385	-0.46	13.31
470	314530.086	314923.906	5809566.815	5809981.395	1.71	36.56
471	314563.026	314994.886	5809508.135	5809979.015	-0.44	17.27
472	314501.316	314931.166	5809512.855	5809982.085	1.85	7.37
473	314500.956	314904.136	5809559.565	5809946.255	1.65	15.38
474	314512.496	314971.116	5809612.485	5809890.645	-0.45	10.28
475	314518.466	314927.856	5809547.165	5809986.245	-0.49	9.63
476	314558.576	314979.096	5809501.265	5809966.445	-0.39	21.59
477	314505.946	314933.446	5809521.355	5809984.015	-0.48	13.62
478	314525.016	314962.996	5809545.095	5809979.405	2.05	42.93
479	314591.136	314957.106	5809538.795	5809873.995	1.43	17.37
480	314531.916	314952.906	5809550.575	5809980.595	-0.47	7.37
481	314526.286	314948.016	5809508.395	5809849.625	-0.44	38.59
482	314504.096	314894.006	5809556.525	5809938.015	1.56	31.38
483	314502.586	314845.416	5809586.885	5809975.585	1.75	13.64
484	314515.266	314916.456	5809557.615	5809961.575	2.14	14.81
485	314585.156	314982.786	5809563.245	5809892.195	-0.49	6.93
486	314516.936	314981.026	5809526.705	5809992.665	-0.5	16.36
487	314527.586	314962.136	5809534.285	5809990.365	-0.56	16.27
488	314519.516	314947.136	5809593.885	5809950.955	-0.47	122.23
489	314552.886	314896.046	5809529.375	5809990.885	0.62	42.84
490	314596.386	314962.566	5809511.925	5809943.305	-0.46	17.91
491	314516.396	314957.366	5809545.255	5809936.765	-2.16	28.38
492	314500.886	314983.286	5809608.925	5809980.555	-0.49	6.97
493	314556.326	314991.536	5809545.565	5809974.575	-0.28	70.82
494	314508.836	314896.246	5809516.665	5809902.695	0.59	30.65
495	314533.956	314847.416	5809518.775	5809954.015	1.51	16.59
496	314512.386	314862.196	5809506.025	5809862.555	1.68	41.5
497	314502.066	314998.056	5809503.655	5809940.755	-0.45	89.67
498	314507.966	314908.816	5809503.425	5809905.275	1.7	18.6
499	314543.026	314961.276	5809545.425	5809884.965	-0.46	31.79
500	314513.586	314989.696	5809542.015	5809892.985	-0.48	62.7
501	314572.706	314986.016	5809542.545	5809998.845	-0.44	41.83
502	314505.136	314868.296	5809534.355	5809873.145	2.71	45.88
503	314530.106	314987.686	5809519.265	5809905.375	-0.48	12.12
504	314528.546	314984.296	5809509.455	5809852.895	-1.29	21.41
505	314543.806	314871.926	5809529.245	5809992.305	1.66	34.21
506	314502.036	314975.156	5809517.525	5809992.865	-0.47	6.53
507	314552.576	314950.176	5809524.355	5809953.945	1.5	31.48
508	314526.096	314995.036	5809502.205	5809997.735	1.61	9.8
509	314536.016	314976.436	5809566.495	5809975.375	0.27	31.19
510	314548.726	314788.206	5809526.975	5809915.475	1.66	44.84
511	314619.186	314940.606	5809663.035	5809906.465	-0.45	38.7
512	314500.136	314971.916	5809502.275	5809974.995	-0.43	9.68
513	314579.616	314953.776	5809516.065	5809960.205	-0.45	31.48
514	314566.126	314956.016	5809604.795	5809877.165	-0.45	39.62
515	314535.986	314821.566	5809552.045	5809950.625	1.74	16.54
516	314528.876	314986.046	5809522.055	5809931.795	-0.55	62.62
517	314614.646	314963.776	5809511.865	5809999.045	-0.43	13.62
518	314511.266	314952.136	5809517.565	5809910.705	-0.44	94.23
519	314559.306	314897.226	5809535.805	5809940.965	-0.62	32.15
520	314652.916	314997.186	5809557.335	5809963.725	-0.45	31.7
521	314534.666	314995.766	5809501.675	5809892.205	-0.48	18.12
522	314519.956	314989.696	5809549.445	5809969.195	-0.46	27.07
523	314562.336	314962.036	5809576.625	5809911.355	-0.44	13.89
524	314539.296	314997.906	5809568.925	5809994.295	-0.48	20.34
525	314596.986	314885.896	5809595.025	5809908.665	2.05	32.5
526	314574.636	314971.726	5809563.745	5809830.355	-0.47	14.16
527	314567.436	314919.466	5809549.595	5809873.075	1.68	29.03
528	314513.456	314956.236	5809508.275	5809953.965	-0.46	65.15
529	314555.946	314932.496	5809530.625	5809975.645	1.54	98.02
530	314578.626	314968.426	5809604.945	5809972.515	-0.54	26.74
531	314514.626	314947.386	5809539.105	5809991.895	-1.34	43.39
532	314507.136	314982.586	5809525.215	5809998.885	-0.46	6.39
533	314588.996	314968.706	5809535.795	5809986.385	-0.45	6.61
534	314604.986	314985.306	5809511.615	5809932.795	1.83	11.3
535	314576.706	314966.406	5809545.475	5809995.655	-0.44	6.89
536	314681.056	314976.966	5809551.675	5809988.725	1.6	34.38
537	314531.666	314880.556	5809558.695	5809801.745	1.77	31.77
538	314573.956	314969.906	5809557.745	5809829.495	-0.43	31.74
539	314513.506	314892.786	5809525.135	5809945.775	-0.44	15.73
540	314602.096	314977.256	5809518.955	5809852.965	-0.51	24.75
541	314535.816	314885.266	5809552.985	5809989.465	-0.42	31.01
542	314543.556	314914.206	5809522.175	5809979.695	-0.46	28.31
543	314534.496	314910.876	5809540.515	5809909.155	2.24	13.35
544	314526.436	314993.016	5809531.445	5809953.865	-0.49	181.11
545	314558.956	314887.826	5809548.205	5809878.785	1.96	64.82
546	314505.826	314936.036	5809539.745	5809979.785	-0.44	34.75
547	314514.126	314973.266	5809518.315	5809984.235	-0.96	11.41
548	314509.116	314999.006	5809657.125	5809932.685	-0.96	48.45
549	314566.126	314870.446	5809509.395	5809980.395	1.63	27.61
550	314563.166	314893.176	5809561.775	5809925.505	1.81	17.91
551	314565.726	314948.616	5809555.295	5809974.965	-0.45	16.96
552	314533.806	314798.686	5809510.325	5809866.115	1.65	51.09
553	314500.436	314934.546	5809617.755	5809999.095	1.79	32.04
554	314528.916	314974.286	5809550.775	5809829.365	-0.47	28.42
555	314541.556	314887.286	5809516.955	5809976.095	1.43	31.82
556	314521.136	314932.046	5809535.865	5809973.015	1.51	12.32
557	314532.656	314871.296	5809511.745	5809894.605	1.6	14.4
558	314505.186	314866.336	5809533.225	5809980.395	1.69	14.13
559	314501.516	314970.266	5809528.875	5809965.035	-0.38	172.45
560	314551.146	314958.136	5809596.325	5809976.995	-0.45	31.0
561	314556.886	314976.756	5809575.695	5809968.725	-1.17	110.42
562	314516.736	314948.006	5809523.045	5809961.335	-0.45	12.92
563	314539.336	314880.126	5809527.275	5809937.135	1.61	31.14
564	314592.556	314983.566	5809557.405	5809978.465	-0.45	28.86
565	314518.066	314902.356	5809594.985	5809982.375	-0.8	13.82
566	314512.566	314975.706	5809517.925	5809967.165	-0.54	14.74
567	314538.696	314932.216	5809683.435	5809983.515	-0.46	31.75
568	314602.816	314992.266	5809517.305	5809984.265	-0.46	14.87
569	314566.456	314967.406	5809520.475	5809937.515	-0.52	43.25
570	314505.696	314793.256	5809524.965	5809913.625	2.7	12.49
571	314609.656	314874.066	5809531.645	5809945.505	1.57	13.45
572	314530.656	314989.936	5809537.145	5809995.245	-0.43	14.91
573	314563.056	314884.656	5809541.155	5809957.275	1.89	9.1
574	314585.346	314996.286	5809566.075	5809896.635	-0.45	34.7
575	314502.296	314916.646	5809633.745	5809980.175	1.54	6.01
576	314510.336	314994.216	5809600.355	5809998.235	-0.48	15.68
577	314592.356	314838.116	5809569.855	5809972.935	1.38	126.96
578	314504.976	314855.356	5809512.575	5809967.325	1.61	15.37
579	314509.756	314997.996	5809668.875	5809981.635	-0.47	31.78
580	314540.276	314788.216	5809675.505	5809990.205	1.59	65.54
581	314528.846	314927.056	5809542.655	5809900.905	1.47	21.61
582	314568.816	314982.206	5809523.545	5809940.485	-0.44	16.14
583	314573.336	314847.386	5809607.215	5809967.115	1.88	16.26
584	314552.456	314971.546	5809611.185	5809969.095	-0.45	22.69
585	314588.626	314940.006	5809643.835	5809975.355	-0.47	23.36
586	314547.496	314976.336	5809531.005	5809998.505	-0.47	4.78
587	314512.726	314890.596	5809584.625	5809890.585	1.27	42.34
588	314522.576	314890.616	5809501.915	5809911.245	1.59	9.49
589	314525.986	314965.906	5809581.785	5809987.675	-0.45	19.5
590	314551.196	314954.706	5809540.405	5809980.605	1.69	22.33
591	314539.876	314959.076	5809525.705	5809932.885	1.72	52.39
592	314531.446	314989.676	5809574.805	5809973.405	-1.83	147.75
593	314555.606	314873.666	5809559.435	5809969.005	0.16	91.61
594	314728.506	314929.036	5809511.485	5809949.335	-0.46	57.9
595	314543.306	314955.516	5809604.495	5809885.295	-0.46	8.06
596	314565.376	314956.706	5809503.165	5809952.475	1.51	10.48
597	314610.626	314953.216	5809525.235	5809947.795	-0.46	4.19
598	314523.756	314979.336	5809530.415	5809903.005	-0.46	31.38
599	314601.096	314915.506	5809546.195	5809960.055	1.67	31.27
600	314521.386	314933.606	5809543.135	5809959.535	-0.46	62.63
601	314513.406	314997.736	5809520.045	5809953.225	-0.47	18.8
602	314575.646	314905.896	5809619.115	5809984.325	1.66	164.34
603	314516.986	314865.286	5809612.245	5809923.885	1.58	27.0
604	314586.136	314972.336	5809578.115	5809972.955	-0.43	15.15
605	314541.466	314967.216	5809512.435	5809991.935	-0.45	9.87
606	314524.356	314939.226	5809537.525	5809989.135	-0.51	12.21
607	314584.806	314907.466	5809528.805	5809994.575	1.64	23.23
608	314572.276	314999.856	5809529.085	5809869.865	-0.19	64.87
609	314600.266	314921.756	5809525.435	5809921.265	2.3	32.23
610	314565.876	314982.396	5809589.685	5809902.455	-0.44	14.47
611	314550.456	314970.156	5809590.915	5809954.565	-0.72	34.38
612	314583.256	314918.706	5809518.835	5809933.515	-0.52	8.6
613	314581.886	314929.716	5809546.815	5809991.015	-0.49	17.89
614	314505.376	314928.326	5809622.635	5809975.505	-0.47	31.57
615	314549.696	314974.156	5809547.405	5809986.815	-0.94	32.2
616	314526.896	314927.826	5809606.725	5809988.705	1.57	8.37
617	314581.166	314983.306	5809584.055	5809912.055	-0.43	17.19
618	314579.676	314923.926	5809513.815	5809969.565	-0.48	10.91
619	314592.786	314986.996	5809589.385	5809957.725	-0.61	8.42
620	314545.776	314927.416	5809507.235	5809844.265	1.54	63.42
621	314504.126	314864.356	5809540.165	5809994.525	1.71	11.16
622	314518.076	314991.686	5809501.075	5809998.365	1.85	9.96
623	314604.666	314935.376	5809528.345	5809981.405	1.35	31.89
624	314524.296	314982.206	5809546.755	5809938.995	-0.47	54.56
625	314551.886	314956.586	5809638.975	5809961.285	-0.43	119.16
626	314612.066	314923.396	5809525.615	5809959.765	1.7	24.94
627	314525.956	314951.286	5809547.315	5809797.745	2.12	172.13
628	314505.806	314909.386	5809596.005	5809954.915	-0.37	17.27
629	314550.616	314984.486	5809509.905	5809971.205	-1.44	9.25
630	314625.496	314996.796	5809518.775	5809978.605	1.71	15.21
631	314517.206	314968.786	5809505.035	5809923.415	-0.88	9.65
632	314576.226	314982.696	5809538.845	5809942.735	-0.44	18.04
633	314546.386	314910.416	5809508.125	5809868.175	1.69	32.38
634	314517.736	314951.556	5809502.015	5809990.685	-1.08	80.31
635	314583.426	314955.236	5809542.965	5809961.215	-0.5	8.07
636	314597.746	314960.306	5809638.455	5809915.455	-0.47	64.81
637	314509.806	314999.716	5809558.905	5809924.445	-0.48	51.18
638	314619.236	314928.936	5809534.685	5809837.725	2.18	19.22
639	314634.336	314943.736	5809526.555	5809958.385	-0.45	136.68
640	314516.816	314853.726	5809639.845	5809990.195	1.62	11.92
641	314625.116	314965.986	5809548.405	5809904.875	-0.85	14.86
642	314530.796	314910.696	5809564.085	5809909.495	1.47	8.96
643	314539.186	314940.546	5809641.915	5809985.435	-0.46	6.59
644	314620.226	314982.466	5809527.135	5809985.935	-0.57	6.15
645	314506.976	314889.916	5809517.125	5809983.975	-0.43	11.69
646	314558.876	314981.076	5809503.285	5809835.325	-0.67	12.26
647	314525.496	314923.196	5809550.165	5809895.025	-0.48	12.57
648	314500.986	314932.786	5809502.835	5809976.075	-0.46	15.96
649	314527.106	314976.066	5809557.275	5809972.375	-0.45	12.21
650	314584.096	314981.456	5809555.765	5809919.135	-0.46	22.33
651	314518.266	314969.346	5809505.365	5809923.845	-0.62	6.38
652	314542.416	314977.366	5809580.035	5809938.835	-0.44	156.7
653	314526.926	314906.046	5809536.735	5809863.375	1.81	11.87
654	314507.916	314917.256	5809517.175	5809959.645	-0.61	14.57
655	314583.766	314990.266	5809619.725	5809996.165	-0.59	35.89
656	314537.916	314978.796	5809545.665	5809978.555	-0.39	21.25
657	314532.556	314897.346	5809614.735	5809908.245	-0.45	10.49
658	314640.626	314863.486	5809577.025	5809933.775	1.57	118.46
659	314541.746	314889.686	5809515.615	5809965.395	1.93	6.71
660	314604.756	314939.066	5809538.845	5809868.425	-0.47	9.99
661	314555.126	314895.766	5809561.395	5809994.575	-0.53	24.4
662	314503.946	314998.166	5809568.135	5809989.705	-0.49	34.42
663	314539.666	314983.206	5809517.175	5809979.445	-0.45	18.86
664	314617.136	314814.166	5809530.255	5809957.005	1.61	23.26
665	314524.116	314976.776	5809513.915	5809992.295	-0.6	14.76
666	314588.996	314862.746	5809579.835	5809939.395	1.56	46.25
667	314537.686	314880.626	5809551.525	5809945.355	1.74	13.48
668	314539.016	314927.696	5809518.255	5809976.565	-0.51	31.65
669	314577.976	314851.626	5809548.825	5809985.095	1.71	28.81
670	314522.416	314989.426	5809505.765	5809918.075	-0.6	17.38
671	314547.056	314890.916	5809515.685	5809703.805	2.22	43.2
672	314638.136	314986.026	5809500.575	5809949.165	-0.48	22.72
673	314587.956	314955.516	5809535.835	5809972.095	1.45	59.72
674	314557.606	314880.926	5809508.365	5809908.705	2.15	20.54
675	314510.096	314960.096	5809503.995	5809975.335	-0.45	57.0
676	314556.406	314983.406	5809508.155	5809984.695	-0.48	34.87
677	314553.536	314991.756	5809500.415	5809988.705	-0.48	50.83
678	314607.606	314938.296	5809514.285	5809879.505	-0.47	8.84
679	314537.936	314935.826	5809662.715	5809969.705	0.55	16.42
680	314552.586	314959.096	5809530.705	5809988.595	-0.68	21.25
681	314644.346	314997.666	5809501.465	5809935.975	-0.49	5.02
682	314546.886	314911.186	5809575.715	5809961.465	1.61	21.13
683	314539.646	314955.646	5809550.665	5809975.205	1.56	15.11
684	314590.356	314849.836	5809542.715	5809932.325	1.42	42.72
685	314659.226	314990.556	5809505.375	5809851.335	-0.45	14.68
686	314556.006	314880.006	5809541.945	5809938.005	1.63	11.74
687	314538.706	314889.136	5809585.585	5809872.195	1.7	60.56
688	314558.686	314960.556	5809583.165	5809986.275	-0.45	7.96
689	314523.996	314937.446	5809587.215	5809919.385	-0.75	29.74
690	314513.896	314930.986	5809560.315	5809917.335	-0.48	16.79
691	314598.396	314992.266	5809542.895	5809997.735	-0.45	7.92
692	314535.636	314938.366	5809500.375	5809974.635	-0.45	17.85
693	314505.306	314915.566	5809555.215	5809989.055	1.39	23.73
694	314549.456	314931.356	5809529.855	5809875.305	1.54	32.9
695	314571.426	314930.496	5809613.425	5809943.625	-0.48	31.14
696	314602.316	314992.036	5809579.825	5809983.705	-0.45	58.87
697	314541.446	314992.476	5809527.655	5809969.295	1.59	50.04
698	314520.646	314969.316	5809544.995	5809982.385	-0.44	17.27
699	314507.266	314885.166	5809605.395	5809994.375	-0.43	6.46
700	314593.306	314844.036	5809575.835	5809922.285	1.45	38.96
701	314596.396	314884.426	5809522.225	5809981.015	1.53	15.46
702	314560.686	314984.816	5809551.145	5809799.735	-0.65	33.56
703	314598.266	314973.046	5809554.965	5809981.185	-0.48	31.75
704	314578.976	314914.706	5809516.155	5809965.715	-0.44	185.69
705	314505.166	314984.036	5809504.845	5809985.995	-0.44	148.93
706	314525.566	314842.526	5809563.035	5809938.935	1.27	31.07
707	314602.416	314989.516	5809536.985	5809986.605	-0.43	13.75
708	314580.436	314935.996	5809573.595	5809980.075	-0.45	13.08
709	314602.916	314917.516	5809500.495	5809890.255	1.58	10.44
710	314536.036	314983.356	5809547.935	5809916.705	-0.45	30.93
711	314538.976	314971.926	5809592.545	5809995.075	-0.43	44.73
712	314509.606	314991.366	5809568.525	5809954.465	-0.5	13.64
713	314558.316	314971.636	5809519.515	5809984.235	-0.44	155.27
714	314548.936	314958.056	5809506.025	5809894.895	-0.44	11.63
715	314516.356	314989.026	5809576.465	5809888.985	-0.48	10.86
716	314528.226	314947.716	5809529.695	5809985.265	-0.46	31.84
717	314507.476	314990.626	5809593.085	5809979.365	-0.46	55.91
718	314503.276	314911.546	5809515.765	5809964.875	1.86	40.33
719	314609.366	314950.296	5809581.065	5809951.405	-0.46	42.92
720	314503.886	314943.606	5809530.885	5809963.825	1.68	12.41
721	314552.596	314970.516	5809559.055	5809964.075	-0.44	161.1
722	314530.776	314893.336	5809607.215	5809965.165	1.57	11.56
723	314502.726	314928.986	5809523.095	5809959.245	-0.46	23.44
724	314554.756	314939.096	5809522.945	5809914.865	-0.48	22.4
725	314595.226	314900.866	5809619.535	5809967.235	-2.36	33.99
726	314544.046	314847.996	5809518.785	5809805.745	1.94	43.86
727	314528.116	314829.626	5809511.445	5809874.225	1.72	30.67
728	314519.336	314952.366	5809546.425	5809955.335	1.42	22.68
729	314585.286	314904.756	5809543.965	5809936.585	-0.4	9.7
730	314521.506	314948.646	5809552.645	5809975.015	-0.45	96.31
731	314545.016	314980.476	5809516.505	5809924.425	-0.44	54.46
732	314510.756	314996.796	5809523.695	5809969.855	-0.45	35.6
733	314568.326	314870.636	5809623.745	5809990.285	1.68	55.27
734	314511.916	314930.886	5809518.705	5809986.645	1.81	16.75
735	314595.196	314871.416	5809572.115	5809848.515	1.56	30.94
736	314513.446	314954.096	5809589.615	5809988.865	-0.42	32.01
737	314569.846	314988.906	5809578.515	5809968.955	-0.68	33.01
738	314581.036	314983.116	5809558.495	5809822.995	-0.82	12.03
739	314608.896	314921.136	5809626.515	5809998.885	-0.45	18.4
740	314512.876	314984.236	5809522.675	5809975.465	1.62	13.64
741	314585.566	314992.316	5809502.505	5809947.505	-0.47	23.35
742	314546.396	314848.686	5809660.235	5809928.605	1.56	4.02
743	314506.506	314942.556	5809542.385	5809951.745	-0.8	34.45
744	314541.796	314991.366	5809521.765	5809930.945	-0.47	8.42
745	314559.296	314988.466	5809524.765	5809997.545	1.47	22.6
746	314551.526	314994.526	5809565.935	5809920.955	-0.45	31.02
747	314558.686	314856.896	5809542.855	5809987.885	1.75	34.83
748	314553.326	314931.286	5809509.495	5809977.945	2.43	16.46
749	314519.816	314938.726	5809501.325	5809922.325	-0.55	11.17
750	314574.376	314938.556	5809507.035	5809954.425	1.31	33.34
751	314535.966	314958.546	5809528.545	5809986.415	-0.58	4.33
752	314559.646	314985.386	5809536.505	5809959.125	-0.77	24.28
753	314539.656	314966.276	5809557.195	5809899.985	-0.85	14.0
754	314533.756	314940.916	5809512.775	5809958.505	1.56	59.68
755	314523.496	314925.456	5809508.045	5809932.435	-0.48	119.71
756	314516.376	314911.716	5809673.365	5809995.205	-0.42	9.59
757	314505.206	314881.086	5809513.305	5809926.345	1.92	30.59
758	314529.816	314964.696	5809563.935	5809994.745	-0.43	25.42
759	314540.036	314997.936	5809509.705	5809955.495	-0.45	30.83
760	314505.066	314979.236	5809505.725	5809996.485	-1.3	24.68
761	314509.166	314981.956	5809510.565	5809901.395	-0.45	164.98
762	314555.406	314947.216	5809568.105	5809961.135	-0.46	19.49
763	314505.886	314916.056	5809545.275	5809959.265	1.5	102.73
764	314508.916	314941.216	5809545.875	5809947.675	-0.44	14.54
765	314603.926	314897.906	5809530.845	5809841.385	1.66	177.99
766	314518.446	314948.556	5809587.065	5809876.215	-1.0	11.72
767	314672.596	314966.866	5809547.695	5809932.905	-0.67	64.89
768	314510.616	314766.316	5809509.875	5809922.065	2.32	16.56
769	314536.796	314996.156	5809533.645	5809997.805	-0.49	6.39
770	314517.286	314962.606	5809503.105	5809892.605	-0.45	16.6
771	314534.446	314924.606	5809534.375	5809946.655	-0.44	31.57
772	314531.416	314995.686	5809595.415	5809939.385	-0.46	15.24
773	314535.506	314978.226	5809650.585	5809880.235	-0.44	50.88
774	314507.396	314977.096	5809524.415	5809979.365	-0.6	7.04
775	314532.246	314923.076	5809511.195	5809938.975	1.5	22.62
776	314552.286	314938.946	5809593.885	5809954.645	-0.45	49.33
777	314527.156	314901.946	5809544.585	5809943.955	0.96	27.89
778	314503.286	314967.116	5809514.935	5809950.445	1.57	183.66
779	314684.656	314961.326	5809501.475	5809970.865	-1.05	18.64
780	314586.386	314992.886	5809558.135	5809995.745	-0.45	16.8
781	314507.216	314958.526	5809536.015	5809830.465	-0.32	120.33
782	314573.736	314904.696	5809590.755	5809957.015	-1.14	12.03
783	314540.796	314967.366	5809540.505	5809994.465	1.56	16.97
784	314518.186	314852.036	5809526.455	5809974.575	1.42	10.74
785	314593.846	314967.446	5809552.055	5809961.895	-0.45	15.73
786	314517.046	314903.356	5809554.505	5809964.205	1.77	24.31
787	314536.046	314997.056	5809551.085	5809972.045	-0.47	10.41
788	314512.876	314975.776	5809552.025	5809990.045	-0.54	11.73
789	314517.126	314970.486	5809551.155	5809967.055	-0.46	11.53
790	314502.986	314950.766	5809611.955	5809965.545	-0.46	34.03
791	314516.856	314930.006	5809501.665	5809973.085	1.84	12.56
792	314608.986	314916.396	5809518.105	5809912.095	-0.47	38.16
793	314537.146	314778.156	5809561.785	5809913.985	2.3	33.15
794	314510.586	314972.996	5809564.005	5809887.525	-0.43	35.0
795	314500.016	314939.526	5809519.795	5809925.995	1.4	53.21
796	314533.066	314990.026	5809530.795	5809999.165	-0.48	17.37
797	314540.776	314964.656	5809521.045	5809996.005	-0.46	46.64
798	314525.666	314943.246	5809500.235	5809897.795	-0.45	10.08
799	314554.396	314899.406	5809536.265	5809923.735	1.62	10.39
800	314593.596	314957.556	5809507.475	5809997.005	-0.46	12.86
801	314537.646	314956.976	5809544.085	5809875.485	0.74	31.52
802	314589.066	314946.596	5809515.825	5809989.515	-0.45	62.24
803	314569.356	314985.926	5809596.365	5809970.455	-0.72	26.04
804	314514.516	314929.156	5809578.555	5809953.355	1.63	18.13
805	314574.786	314867.246	5809550.275	5809901.155	1.67	13.53
806	314500.436	314993.246	5809534.775	5809986.245	-0.51	7.82
807	314527.446	314932.506	5809527.745	5809956.475	-0.45	30.67
808	314531.586	314936.476	5809565.155	5809981.765	-0.43	8.48
809	314501.136	314992.896	5809501.595	5809946.465	-0.46	32.09
810	314545.566	314958.706	5809513.905	5809995.145	-0.46	36.5
811	314526.806	314913.156	5809512.695	5809956.925	1.74	29.51
812	314528.626	314958.896	5809669.425	5809944.325	-0.46	63.05
813	314594.086	314995.556	5809506.565	5809966.625	-0.47	26.5
814	314538.556	314963.586	5809533.475	5809917.985	-0.45	112.21
815	314507.086	314940.626	5809520.005	5809881.175	1.6	12.95
816	314544.476	314970.426	5809500.495	5809955.735	-0.47	15.77
817	314513.616	314952.066	5809520.435	5809964.635	1.66	14.21
818	314532.926	314956.306	5809526.545	5809963.615	-2.11	18.87
819	314666.536	314980.026	5809549.055	5809913.765	-0.57	15.48
820	314568.246	314982.886	5809524.365	5809922.875	-0.46	18.28
821	314501.436	314922.516	5809541.765	5809954.295	-0.67	17.14
822	314664.696	314995.546	5809516.505	5809927.235	-2.32	43.83
823	314579.026	314996.806	5809530.655	5809948.545	-0.46	34.15
824	314509.876	314942.966	5809511.485	5809976.585	-0.46	33.46
825	314669.896	314987.366	5809535.775	5809957.135	-0.5	21.61
826	314561.556	314998.546	5809504.385	5809896.805	-0.45	30.97
827	314504.616	314880.596	5809607.885	5809881.025	1.84	31.43
828	314599.606	314939.956	5809629.805	5809986.235	2.09	31.64
829	314524.566	314956.976	5809599.275	5809950.525	-0.45	31.63
830	314594.776	314908.856	5809552.375	5809972.305	1.73	64.59
831	314524.286	314922.406	5809572.895	5809936.695	-0.55	44.88
832	314512.666	314982.636	5809504.975	5809935.575	-0.79	25.83
833	314519.276	314950.896	5809573.495	5809996.185	-0.45	13.41
834	314580.026	314990.016	5809627.825	5809962.335	-0.83	9.83
835	314500.486	314998.536	5809581.115	5809990.865	-0.44	34.78
836	314504.226	314999.726	5809514.555	5809953.565	-0.52	11.51
837	314670.086	314993.826	5809554.175	5809977.045	-0.34	30.74
838	314524.876	314942.026	5809551.155	5809914.215	-0.41	16.35
839	314582.516	314988.826	5809641.885	5809981.005	-0.51	17.08
840	314515.976	314977.156	5809500.355	5809962.105	-0.45	20.18
841	314500.596	314992.986	5809521.495	5809821.655	-0.53	26.54
842	314514.696	314932.706	5809551.655	5809957.295	1.6	52.76
843	314501.846	314950.386	5809608.485	5809973.885	-0.48	64.38
844	314500.456	314998.176	5809561.245	5809960.675	-0.49	12.38
845	314555.326	314911.936	5809529.325	5809963.575	-1.02	24.08
846	314500.416	314780.346	5809526.665	5809878.725	1.67	22.34
847	314521.896	314924.976	5809507.705	5809954.915	1.62	13.73
848	314516.126	314885.186	5809535.205	5809905.055	1.4	26.55
849	314509.426	314905.306	5809639.095	5809984.265	1.62	13.06
850	314548.636	314867.626	5809532.165	5809997.005	1.51	31.13
851	314521.666	314994.986	5809514.025	5809877.405	-0.49	12.32
852	314571.356	314874.836	5809618.245	5809893.905	1.61	42.51
853	314505.106	314932.366	5809591.015	5809846.935	1.64	34.75
854	314525.916	314771.086	5809542.795	5809998.235	1.85	30.85
855	314594.176	314955.436	5809589.785	5809997.125	-0.46	30.98
856	314574.636	314993.666	5809616.125	5809990.455	-0.48	10.04
857	314502.356	314956.316	5809506.455	5809964.405	-0.44	20.69
858	314553.606	314950.766	5809606.935	5809906.725	-0.46	149.06
859	314583.566	314980.496	5809526.195	5809965.075	-0.45	15.69
860	314553.756	314978.346	5809508.335	5809997.855	-0.46	12.31
861	314514.766	314991.476	5809512.455	5809969.885	-0.53	17.29
862	314608.186	314922.466	5809536.625	5809940.415	1.57	31.36
863	314534.526	314926.796	5809500.575	5809976.335	-0.47	41.33
864	314521.996	314911.986	5809571.755	5809920.975	-0.55	34.19
865	314518.036	314966.506	5809526.125	5809994.055	-2.21	8.25
866	314503.126	314859.896	5809660.055	5809959.085	1.39	12.4
867	314600.396	314842.116	5809531.045	5809887.955	1.83	34.64
868	314576.456	314974.666	5809528.635	5809933.645	-0.42	14.52
869	314506.176	314869.196	5809523.315	5809948.745	1.64	6.31
870	314573.266	314937.226	5809517.445	5809993.905	-0.46	33.01
871	314579.326	314964.846	5809504.305	5809964.665	-0.42	13.44
872	314658.626	314886.476	5809551.915	5809999.425	1.4	27.11
873	314548.426	314931.576	5809518.055	5809950.585	1.71	36.69
874	314521.006	314958.906	5809514.415	5809847.535	-0.45	41.81
875	314616.246	314959.926	5809552.165	5809978.915	-0.44	18.78
876	314532.416	314981.566	5809561.185	5809971.025	-0.48	177.44
877	314569.446	314901.776	5809582.755	5809925.815	-0.42	26.9
878	314505.616	314959.446	5809503.515	5809970.245	-0.5	14.13
879	314557.556	314877.186	5809505.455	5809919.125	2.98	71.49
880	314562.376	314898.846	5809538.095	5809967.675	1.65	31.63
881	314552.606	314999.566	5809570.275	5809948.355	-0.44	8.84
882	314537.516	314963.676	5809544.635	5809979.525	-2.14	151.19
883	314547.976	314930.356	5809510.055	5809956.915	-0.45	15.14
884	314562.516	314978.636	5809545.085	5809983.215	-0.47	12.93
885	314500.756	314894.536	5809540.845	5809962.575	-0.45	77.79
886	314518.686	314960.596	5809540.455	5809956.615	1.64	19.53
887	314544.316	314998.076	5809501.395	5809996.485	-0.46	12.2
888	314505.186	314965.576	5809659.805	5809927.695	-0.45	10.37
889	314514.306	314940.356	5809562.325	5809993.285	1.65	31.92
890	314617.886	314989.526	5809512.425	5809968.535	-0.46	22.27
891	314529.086	314974.056	5809568.465	5809985.855	-1.85	48.44
892	314568.206	314937.996	5809517.335	5809973.485	-0.43	11.74
893	314541.556	314800.956	5809549.725	5809952.145	1.61	11.81
894	314541.376	314986.006	5809512.275	5809971.045	-0.46	11.56
895	314538.546	314890.486	5809517.745	5809968.875	-0.42	14.64
896	314538.036	314957.276	5809511.615	5809997.895	-0.49	59.82
897	314578.396	314974.266	5809503.325	5809936.985	-0.46	57.87
898	314559.786	314965.656	5809503.115	5809965.575	-0.53	76.85
899	314604.396	314997.206	5809541.725	5809978.055	-0.47	19.89
900	314581.176	314965.436	5809519.225	5809973.195	-0.47	11.58
901	314562.216	314896.786	5809563.685	5809884.235	1.49	65.52
902	314592.896	314857.246	5809533.515	5809986.275	1.73	32.16
903	314517.476	314993.006	5809515.875	5809966.935	-0.48	20.86
904	314631.936	314989.086	5809538.835	5809936.105	-0.96	20.85
905	314527.496	314918.366	5809503.005	5809935.325	1.91	13.9
906	314553.336	314979.036	5809569.755	5809990.115	-0.5	15.65
907	314528.606	314948.236	5809511.835	5809946.975	-2.82	11.49
908	314508.846	314866.056	5809577.485	5809985.405	1.83	10.49
909	314561.546	314871.456	5809546.865	5809937.085	1.65	19.06
910	314572.336	314957.426	5809517.625	5809980.765	-0.48	24.71
911	314541.436	314996.056	5809541.975	5809991.805	-0.51	22.72
912	314509.816	314890.906	5809516.305	5809888.955	1.48	29.62
913	314507.526	314981.936	5809540.035	5809919.065	-1.65	18.69
914	314525.746	314919.476	5809557.095	5809956.665	1.68	8.89
915	314540.316	314923.786	5809523.205	5809801.625	1.73	31.51
916	314572.246	314990.066	5809549.625	5809974.935	-0.45	20.36
917	314551.426	314950.706	5809594.015	5809886.875	-0.51	21.45
918	314500.256	314962.836	5809565.375	5809941.085	-0.46	8.86
919	314502.846	314999.836	5809517.735	5809912.365	-0.44	67.89
920	314526.656	314942.026	5809626.245	5809976.535	-0.49	15.73
921	314553.056	314931.496	5809578.015	5809911.775	1.48	53.44
922	314535.046	314849.516	5809514.445	5809941.185	1.7	31.63
923	314545.536	314912.636	5809502.785	5809982.935	2.28	17.06
924	314531.786	314926.546	5809500.375	5809996.135	1.94	28.23
925	314603.776	314991.926	5809519.755	5809931.565	-0.5	44.78
926	314570.616	314839.336	5809538.475	5809975.785	1.65	15.29
927	314566.766	314763.996	5809584.225	5809918.855	1.86	61.11
928	314604.546	314966.476	5809550.725	5809993.065	-0.6	10.34
929	314526.866	314971.646	5809541.395	5809991.545	-0.61	22.17
930	314625.066	314977.236	5809538.015	5809839.895	-1.27	22.76
931	314560.476	314960.236	5809507.875	5809939.535	-0.49	30.77
932	314557.736	314966.816	5809527.395	5809971.925	1.48	31.61
933	314535.476	314990.296	5809533.705	5809970.675	-0.47	11.18
934	314538.186	314970.356	5809529.055	5809996.425	-1.21	171.09
935	314524.406	314997.446	5809707.905	5809954.085	-0.48	30.66
936	314502.206	314907.556	5809501.975	5809919.575	1.84	31.43
937	314553.036	314867.796	5809515.905	5809990.755	1.52	32.52
938	314566.176	314911.336	5809558.895	5809998.505	-0.34	30.9
939	314539.716	314984.126	5809568.435	5809998.595	-0.48	4.48
940	314539.816	314876.076	5809575.075	5809883.115	1.61	35.47
941	314591.696	314971.046	5809543.505	5809936.735	-0.46	11.71
942	314509.946	314966.186	5809511.105	5809947.495	1.84	15.56
943	314513.356	314967.136	5809514.065	5809984.705	-1.13	11.9
944	314523.806	314903.056	5809528.635	5809966.745	1.68	18.61
945	314512.926	314956.306	5809525.435	5809975.875	-0.47	15.89
946	314613.046	314987.086	5809524.395	5809962.805	-0.47	180.54
947	314500.456	314997.566	5809544.395	5809992.145	-0.51	31.74
948	314502.086	314981.586	5809533.735	5809973.005	1.96	9.72
949	314564.646	314930.306	5809507.125	5809947.305	-0.43	30.74
950	314556.916	314994.926	5809527.285	5809987.735	-1.34	12.87
951	314534.476	314924.216	5809533.745	5809992.335	-0.46	42.25
952	314566.666	314922.846	5809532.605	5809993.565	1.1	12.89
953	314511.806	314909.746	5809570.205	5809934.215	1.71	23.67
954	314514.546	314978.386	5809521.405	5809947.425	-0.41	53.27
955	314510.896	314997.546	5809604.195	5809967.675	-0.46	30.85
956	314500.366	314940.766	5809565.725	5809925.765	-0.55	26.02
957	314505.796	314969.336	5809557.625	5809880.565	-0.58	25.69
958	314524.236	314913.336	5809566.215	5809913.645	-0.52	59.12
959	314563.036	314960.366	5809523.465	5809957.675	1.58	7.95
960	314500.446	314982.626	5809527.595	5809987.445	-0.48	22.91
961	314547.676	314936.936	5809568.155	5809988.325	-0.54	22.51
962	314592.466	314991.906	5809540.525	5809986.135	-0.49	10.01
963	314539.736	314881.546	5809595.945	5809989.275	-0.43	16.14
964	314511.486	314865.486	5809533.245	5809981.605	1.6	24.55
965	314536.926	314973.546	5809545.175	5809991.525	-0.43	31.61
966	314553.496	314945.936	5809601.275	5809959.735	-0.46	63.19
967	314524.586	314964.586	5809604.805	5809995.165	1.68	5.06
968	314543.216	314908.676	5809564.035	5809916.745	1.68	31.16
969	314678.736	314921.086	5809536.425	5809977.235	-0.64	153.3
970	314534.406	314990.466	5809551.035	5809966.155	-0.51	30.91
971	314537.686	314851.736	5809504.945	5809986.155	1.65	31.8
972	314539.666	314928.346	5809535.045	5809865.005	1.49	11.56
973	314526.186	314958.626	5809624.915	5809947.305	-0.44	10.48
974	314560.626	314988.806	5809546.495	5809962.115	-0.66	62.19
975	314520.976	314945.306	5809500.345	5809992.795	-0.45	9.19
976	314570.546	314999.126	5809522.265	5809994.195	-0.55	17.15
977	314516.806	314890.376	5809536.125	5809972.905	1.51	14.45
978	314507.236	314992.956	5809617.475	5809924.835	-0.47	6.67
979	314502.736	314914.926	5809675.915	5809995.535	1.3	42.52
980	314550.516	314968.036	5809508.755	5809999.165	-0.48	17.55
981	314565.676	314991.996	5809647.375	5809973.115	-0.49	9.28
982	314549.766	314996.826	5809674.885	5809961.875	-0.5	23.04
983	314511.536	314936.866	5809535.935	5809908.075	-0.24	10.29
984	314505.836	314963.306	5809500.065	5809945.645	-0.45	10.53
985	314604.666	314973.476	5809533.245	5809865.915	-0.48	12.26
986	314509.606	314845.446	5809550.985	5809948.225	1.45	12.52
987	314510.776	314972.266	5809579.535	5809999.605	-0.45	108.19
988	314511.756	314953.646	5809525.455	5809998.845	-0.45	63.22
989	314574.466	314949.906	5809513.105	5809961.385	-0.51	19.42
990	314540.896	314922.886	5809579.985	5809895.755	-0.48	39.19
991	314509.156	314946.546	5809528.475	5809806.275	-0.44	65.72
992	314615.106	314999.586	5809607.925	5809951.625	-0.46	22.87
993	314572.326	314972.526	5809520.045	5809968.225	-1.47	12.76
994	314539.816	314965.136	5809544.785	5809973.495	-0.46	32.07
995	314616.096	314970.676	5809503.115	5809975.775	-0.43	8.56
996	314512.586	314955.736	5809553.185	5809912.275	-0.43	14.93
997	314506.846	314934.096	5809584.415	5809979.595	-0.49	65.18
998	314512.226	314949.356	5809507.935	5809974.635	-0.37	49.52
999	314518.996	314884.206	5809543.035	5809885.725	1.65	15.65
